238766566571430
872486740992388
350996490457015
914249898395147
717080729602847
926343833595198
640706878861730
96572224492068
922766629005253
590463482150766
535758341409199
932961134986384
792777865972132
505903563880789
274092614315708
323282810326076
986148152406435
10676612125350
71274160539905
954298577959398
648526132688342
675629170669213
386934350305653
233566149610243
441008436727102
775605777236328
148531040754137
193437665821364
391024504828904
448382183351694
584611491661193
404651777997677
456073730908324
632906197052302
5014939011803
364076486806871
2344818134986
541257164009549
208175447049131
23314873146021
449643006742265
159828926917352
255718532622821
53635823815397
777469841131034
940934311138512
774548368272451
818099016423027
285697760497997
638036298548146
472592648008
873801496449701
292628044230656
499734688502774
250765785272729
63419994759689
100149707524647
553044954707125
488628885266877
15213336349479
258035999058293
433702000566546
125105600502673
312666067897495
212356293194192
963759356544901
800525448892303
272087955314407
33486132691320
220421166353209
643339500912932
58045412347126
248141548843403
66182928817799
751552309001497
818065974888658
179615843502467
468278093804016
839814132695903
632298206296695
362508939101747
33776599168281
753256700303928
872324052989610
976657126455446
261254219434255
531974235037610
478462232292869
590220746969590
150888992424844
205595412775579
240244234613190
935847861870379
613664049494423
709814281974101
753531820090012
803170983573750
596000196970527
225701384159644
948645609730807
266072180490254
535018524790440
699633759003010
461141020576006
720623602570349
355743989974499
534882107595455
122915616783852
236655012060235
534119296264112
458580757341785
969473567462734
86393859455397
776733532827131
12644940949540
649399286566106
982260101720798
483328967419433
528969023635124
504449315984351
596212031460261
887078919894459
478936645106685
8969294572824
634264078056121
370084871491770
103704764196168
15964400883020
936561846732435
636904377769456
356106501648582
437781195663772
693772315883053
959063165160457
661729587030509
751713668348605
498394222620709
603478002073864
615910985412640
15970037462182
517119689295738
249647646587717
549086115775153
444400735035828
190769724157253
844657097154373
733981647550940
60234765459451
182081442002867
308231660235275
561092169610840
853066753419664
312584169103885
195593286431922
288854372042591
434969628837378
572484669423054
546698156696090
481728629765499
720980489674793
670946367634923
662501364484607
929452345440372
709749286202615
573851427662521
96529396557598
605896238824942
203613783630912
903171574780360
15154055824998
5318064098922
426784605648818
800663683253744
385871057174975
11649357301596
310290397282316
108872513747913
442611992106233
84458530780084
699484448905894
469152811995291
655860097206383
761302526964916
430485851508240
927934028239729
446131856742224
407867317909916
892126555732266
39323290583505
995590807225682
340382944248963
105247658183483
125005372097371
554614313061392
746509338391856
843996827110660
278143403916890
154412454035208
578931294147007
475894784823575
232940124930662
681725712070163
624668704722421
383648992112866
463752990903658
565527839691740
667811523045521
54600767870642
414163053532251
804706035641136
398297375341185
488177613486239
1297608661592
21983456696651
157829044000663
98294511744625
192413380931745
714766154446637
826963329874559
346083041177063
382645026929314
376727731734718
506073825696396
753421062942921
142818955279761
264638242121300
937892835495677
116439094631912
743635387031804
914838149586212
418889629364822
425421207508699
291211885625270
92992532570234
779679517080699
423443612061735
662968620015122
532415630214227
238795423001782
358006701130627
70065841215976
46952489828147
869706364645315
343364560211531
261981444188109
927628183874153
800767269860828
957811300740565
845867581200912
255880084073854
537597967987447
795349716385358
176402012648188
869316599060680
376309675919303
623712487678889
467130570332835
655316093185314
66273490613120
185302403608840
330770063466393
878851587134309
888806556884287
980303522371906
205895611956425
839700259670406
734469946894610
170580773877579
502991677045757
923693519400945
365626792813843
421664076497032
229495451291393
620028510999306
387773734375901
68098367094332
506118838317479
767073624002736
494015979792872
9071625053019
634588376207946
554255467971700
340937625888500
654025153655144
947663123279553
870824569955493
454746978004043
507001793578424
561169125240897
820737511762448
806501388468485
785266560311835
539965968697598
122276081363819
111455757522234
888086804017207
513460827878575
569715321342818
761066335487074
205574498557439
903179257333160
436370782832889
343851568937935
328533798049027
286554992153784
301505243735893
971552390789262
462002629717352
366564973069079
292181740348917
266382884412571
293409057663041
47927694912364
681693453601172
232908137622763
966375041628017
804242897767174
739940023666111
361398166921640
2865997260752
853622799930443
237794874926697
664272004750852
616222976991545
245688744897190
905314799559896
650672357542774
829683785700323
131690559211317
733171159566512
112322134459147
541867623088832
323860472624369
606611546967147
345452279100225
179174323831699
662619839515160
831786879450705
809646142298120
180062241119710
238049819525686
826411499733450
957783122943966
190188193341263
390809357300402
120453407987125
418514509702138
439090236268286
961323096945740
793427283534305
864226366905756
518860887252682
589731406602943
623128579821505
237152879210331
870536074099833
218952909385557
787449185740902
349994613424716
101638641043077
47468827460262
410794683462065
48498841942666
494798010598009
515302493415531
219067444800802
642411166412096
441789552847955
710450645542509
680748105420742
189549592796573
841822112999892
810849751580259
731720603924231
372416402905665
541699469953681
101341916375928
359412521895005
335874901425335
754215858748666
612831536581878
553281059322234
378525558094743
505010412427128
454037891475938
778933728786704
498623448348954
589538012641319
857673383676693
740387888776092
807551173345265
753155312414878
983575314977038
929354833062360
722785475204400
587446470798455
770543950204468
338200755030156
753747307341428
910080589755533
24821874777660
552070279027407
333269909606968
480200698047278
302459270730425
834496412171688
675785091409135
250681563421578
909262993130988
535010613472214
782239217781152
967391677085220
258198472339318
160450923918361
406541822715019
860779559769788
722623300661369
84119226805791
415145554850277
128374489597059
530810657440951
710519059424000
807457351050311
508548123786442
60389046788323
520955090893305
348534650353417
716014160301502
216277708676820
39922747861338
361386209019113
580589912094726
834875673383195
473758928691755
701374646031175
911777165386482
82620740316922
163506904307721
578057124655779
715842729817368
951746947913496
393999692131819
829878538329741
994697548118784
187110972651976
436133866852870
971856463729860
628916915377214
578831263353042
815408656727731
48041181077836
893987087138197
271290781187224
879602059299109
925204945335742
361106745871250
258689914759674
54780639649621
53884921720905
185810752517353
371197479860575
440873927121496
968242109588994
272085997775292
244864816018107
262189200204371
749390190061688
860199412332697
802060767941133
940168382635374
115035282436198
551619304872625
853327055441905
924819081304006
69913563174500
216969024438767
459150311774075
189733114662486
347116275067255
667100508834109
604106223189594
998851929248731
992170939134763
700206445448854
837759302136024
313545636160765
180537053217016
914412538651583
767856629945291
870412514007900
528003494988799
190078605786100
64895682095957
166683271841485
91124995284999
439912846376075
908063582818101
837375517419045
445172286974995
592732766383609
488207029307317
447017537196388
383387367945090
644333097398211
252750894313930
913530315426566
951191585742140
612701462618727
199261111517627
875653350224386
539684895284706
970487378228926
855938940079393
191047848866784
808055488288898
70054457226589
192313053104848
750394515784119
127256757785410
387268404403055
702997871996036
47256212487192
988073980892556
114080035764536
309923213315689
142619891818704
814033598126148
315798910279560
153402749776593
462948729321966
317975779622649
613875041870818
264745115123369
442499800628634
779436308613351
344904210458759
271594240198936
563731869570898
29274514269820
480916457979290
193565210262840
355148087205103
620329381213880
803766352000948
77052205835782
275777159468062
840488901055977
174795527705567
117816594844405
657407181362686
282454495160594
271667116729810
428857170922669
911632863380628
831914237019832
775357768303810
603531192408129
609923801078420
785416153918011
485149575196083
408116031086959
358832717750027
357218235458123
605073851723890
595455068870546
908387958012201
117942339353296
48023823563194
723875718638491
144570004051975
729211720359336
131646775857816
774426963536510
265085466428529
131816090567628
606222310057808
153885334546428
858142296589461
195035853756414
896388792342437
747702595560678
473009909180671
990682641091895
688674576463754
342634060515756
324542393321956
870226206564870
694469178569206
272043723221534
460955612514800
365287320829440
773424667715968
772853334898742
881573878296171
269264934292947
284856925714031
956242148239563
251314075068819
981162986674830
994329832618869
417183361247935
390796028351636
87880504998638
105767266971967
238124075183630
985803407921053
912295365450693
526215383711529
255418493748671
395018380422064
549525226139385
284698850812402
622942641351829
878918216712330
950824046385099
821095585973348
908224606840277
937268299772523
597157628271995
53352808569597
857193428168277
234372892774138
271843116050003
426971508352747
244244470493612
418336659873254
157700609923635
421492053600657
232349340090174
264215171628832
718136000788872
468775383402143
253984636071444
818317146154807
153823171419491
877829770415873
537955270440305
490779687359132
622384260315989
866903094310470
587933688855008
147184665698609
922372390536473
150018929289722
151431626990375
970794218865709
472706940540572
981943826387233
829826178332199
221721351979045
249611284571161
825420974106100
577947854305793
765902775493852
856544487506349
763088451085343
103286877145139
744076332826283
143063949165931
54271593857306
83089058548803
618570921674494
410564781283989
461593285465710
270986662056633
194085763498727
992755170856378
474422290468838
518109257163971
671705361700327
806968849256113
573503907952032
1452963868840
798477464336022
290825085461659
51119040508667
128061061869277
721307284664043
614040360999397
63621367764104
505569991687090
290349636955636
734111003681708
880170352739593
418651990703248
989554419623632
38116637052781
446728116635633
782868654454110
486112401061143
306457571448121
724095449473005
491260527900891
444443964812300
596860431998239
175594872138647
455825793887363
67869163356803
50572231036449
81511163986238
196870422483845
41990123744219
770186080307692
205827390751020
778445429583004
969969632039428
372589496185309
733516728874165
287994363423761
860437163141410
281759839686788
990468784711467
793711592448229
342041654671919
740755843173455
753528232940478
926060788561222
655562537332419
419721993330418
547481856839876
573062188914915
928540690374247
903845109073417
821431371722532
429923678293516
989996828725005
712135806387806
470304402729419
930411253880562
791474297848613
466349973748106
708723589074852
676038713854838
999023693469453
407289562648524
953462565051015
674923881377663
199451603120565
306703252332421
757873714420058
538133689002808
497708668982720
169980356485421
928214046796446
354959314108758
683102354132129
79752687682672
807699045841516
475681759085979
768141587528284
242229593849167
35936302924603
517951644213449
729003047740827
524197455774650
515277812948101
176753604532588
2704602641112
528552746600952
988696397716878
677093776821239
345958049272581
363842128154963
95743220618412
564722919163651
996998861697555
276436843117114
35659076921216
819884091601074
289797584319651
281847992317293
719765885498446
370124818333874
293462424210109
218072632442670
635468136819857
503982153453506
309691265713940
805092248127155
517485787487481
109913244665457
361160750933423
526347894437454
361926009688874
433808278728539
514365485943040
585380617566116
612000394010800
622376693198927
668108934827300
535688635024217
827658416916694
17956929506001
431754943804881
401484157324969
308738909426723
347410716222117
541073269470766
336825877021465
678448187429723
273229731757602
573084116076605
440048578392510
637958953801929
119045014414538
809686693976887
816643462140757
40611075408680
212072460751549
323612000498959
922596819759409
727179025886472
556240308799205
72650613570485
105102393154269
825939763513153
88652894575944
75761539972868
731200964305891
196984442559013
593979686479342
242211240405186
200964425614877
313551791248954
573133741143715
165793372981487
649330505339715
737244486140982
391979899329573
220604458330982
439729380262196
951338248073192
117201075190812
678255752337122
571202949492734
787375720372186
600624612273135
703075659016672
942322429740770
672507976961473
814311572564684
421383112246516
198611785537801
29317038853762
219118662951564
642987762401864
259007979307100
523539631573415
394784677516529
730643950809568
627710259592809
219809926350736
422262311614096
402564320662600
923558126174148
58079094284912
322142045084972
632713844242622
410480659488978
261515318831578
392815851003552
832246943718454
767533880694459
739338204474153
180783316965332
442064013559563
901713154964986
497621318648414
910319176109680
887726180617431
620606266771606
357612712440848
521110390992340
985005978727670
298087227482981
734447691301631
408223985286334
624965078564852
349391060912907
616421883973561
236631593271414
377283271383065
580589828873231
456848204749701
992502697457763
532850955067704
840473263151830
312306720475260
833563013144019
20745635725173
685174224681025
586443954097230
829233865189462
125105141739972
198504553075484
40495022482645
2835013478478
11127320432409
295844777711129
661670105681559
461366982779041
689290696788846
145986690922880
156022843571791
919964705014425
203356512497991
607557954285984
559564088794552
627728515747043
435431497456156
849253213947733
611520253415844
283076345247277
835721305906664
94739288920051
614347325224275
921490614794517
701395128901939
691249801641377
654986075348946
540324780283946
567046785284575
913954760812813
699830098363812
283849861076635
881983730343965
759419496437876
660892578620733
704024548921754
666898313660913
328073847519368
171506516051553
328786874032270
54876092467643
287231394043234
79025361367180
266275053221069
94507233984636
766031865297281
865721250124036
459965809162776
417293679989993
284590891874701
926530171227607
728145241822204
101007630718734
831949916049587
875162184750910
121549675259897
391997851568886
69003419625422
487031681485703
940641455358602
84468027202172
851139357363465
590732956172442
922339477062271
722466692850555
40566726266346
906400163690705
752183747039861
808087848465106
855415678422614
83975160677945
774356952106450
63271217477171
336205101442826
225338632907027
94224677103816
458452832952639
722068636428354
255717567258355
115169143451626
439357152043155
97024761973154
151854510244192
31436633824363
744221164900635
129916936342029
506546242919072
42336743957168
443706972098763
362542449961325
341902973917854
767389712580322
686863623088837
114260858885629
996885074084055
566654585426978
758200963035710
290791822011672
786911211331725
327155751538517
705425732171774
713754197592664
451820394338964
866939007828819
499435613381281
890551413237028
243075930210251
177793904434989
550355587889449
103349645013317
342177152242885
83832438563717
335402937014412
932930814927417
678826578925524
92882816995675
740759817403923
483527811813843
948169464364493
26962992371975
766732788397105
460144514352151
680629991485500
504079973160226
579154040481242
418127972184953
583713344653864
671085115868613
843347371605185
306343949132633
974735597623961
479992224168826
984284583366429
847495194350191
987975805038406
64302125617426
742138793884022
499202784162416
286329267213260
595864420724213
731581658545029
962255597552309
125522334656326
143570595702651
34359119049519
406167192277262
467633854652124
877133429335329
555096350355637
537197082031124
798784473049736
778448890347453
881345082164175
15078212173912
134968890300856
691064710396845
401640969195003
161521319074841
237959970537516
669270562959007
687107338320886
398858369181955
246653359360861
934133035030920
212188947693688
706634049584011
908403494024584
298830491760182
582857574360941
16783346326331
883018920764713
522600706461383
206618161093082
147646931804534
957696488290666
396790688512670
976019572033170
470563366188224
67243901157954
471086979193903
985908338947139
228262379721144
544137448224335
418519160822650
599042703409944
898292016385225
420252882171180
626895271553019
572311615190628
584058306779127
743674573643772
452643121842115
545652437385563
271951855936034
627752633502976
43852234496510
890764758256253
730963835713362
58757512628709
73099534885712
689239550508383
266195644872677
983247736276509
584483305704200
909291283963015
975568111273506
209499314731842
931382169623969
207764969943431
910942833874520
793453575748578
920227656120071
230883898460062
404428353898993
516598112897290
127969624220515
678240546645813
387510673326486
461423117433685
442218524770843
649954756414003
430430515096536
777731181755481
590332451208601
694192052340637
925869757421073
652403097132974
366316777686981
786915166117702
159668050560391
22330644765764
975740619006305
256246958211594
123104448711273
449454174236765
356056462915681
204566807570335
508323692728637
537179896690653
449487189603818
475469416104716
429945409897793
707643017746773
588807370591909
341996224560034
258602807771474
150978128145187
336458733716368
781725149558063
497588647908653
839254051609560
465731329869656
493132153853249
419374382260023
559776076224080
884642313856360
294833035145448
708185989466506
470473799609212
594911101955531
720429702486271
89335213999633
858599186841797
103506498685032
843162122378381
208264298153078
557424585913457
807796656465086
567625000182265
927628042854129
143834784897187
402451291966862
969192818905496
329299148799120
15442810399053
441621730822992
384035406337425
316657388144758
442697924289390
126927133859041
200573155320756
351938629072058
650894848356782
646024785982150
861515512400915
319357899945384
259180709352841
270519184796309
153426794786761
431421702952000
947323032339558
185380385239979
956022993009686
916124615385804
990017708820762
615856945657560
494298482681421
55874006977443
605463455910678
901944688720932
898428549046316
778893187666240
51402164341444
826218645294378
149912505448507
740693824475606
838625444777126
18353102525886
570171763528160
98559195034655
842307421016616
880073096802092
819587031571960
148467643112867
552369492266535
980519935305685
800291697378067
817003238969760
578254017858428
948468766717637
838619132335064
742016738339884
817482736815593
169354288291086
292243299260999
632027716962380
676336883472761
728047843563648
647334984328481
722135100079564
73942958313758
889571765829688
427478433958306
41308093753692
473592234203576
676706519891209
260302369122228
275342118570431
231936753637714
175805466233291
565278129429932
945323316750976
790689239086821
923527891580974
946282816140575
767308202233801
374096443047345
736801304863649
464075474421974
679789179368737
908743309429892
655875124633549
397749493562351
370239446429110
78024556549617
674344948024085
201180681432642
839683133388391
825698645564010
308307317590744
31793960038768
816341233779585
551588327808734
943571520097258
393569262912625
815125365319901
445932145620353
531889584092499
436849838294468
938776607528374
573391762975489
934145388779277
577005967243391
700132060628190
321382708411389
749118030025557
758971212663616
461021090765980
685162943796984
732683894094559
378326402542670
632512235653302
53300528050997
953233367726585
302024113602177
323102057184726
774117088434405
11782154475885
802453027789262
601233486281176
150045003415774
550440177282560
105341562358089
100096073439618
786165422022795
83622048187147
11079825242085
909712862819330
616681941710268
690902719684086
602979042492797
893638862085789
196335314507586
950213851300773
23196061428981
228015323642115
816133568419941
982398802668412
715810613211536
515691590212820
335253543469691
953945524179001
934231585876321
142027453627084
79976642299513
165764249950370
408772649007080
238667636951927
54704921606683
336764064137019
711263326160929
19431964424053
306056720187803
751164021050155
511686336449726
757097094792721
422907898376545
862022235242778
813020574690306
860452720565326
490887298033292
138595271451840
656812220006939
195638769665008
104608519698562
786800024809059
451010931296969
604853142560437
538611341229171
98095325140535
519184723567785
932540957332369
95826254661077
29499395387376
190667630386758
189520447592353
15208198608391
974840478455149
567364931794844
421121515247939
745862006895709
796207958122670
423893194504620
563710971791711
799383245723290
95286396462291
692349048509896
394059300318979
881984948206204
484994210559828
156009701655756
731616288216593
880494999652817
129181719159403
10909737587917
934617059613227
640917774512698
929575694376957
28774356520859
964384935256922
493286163386174
534210268390151
342098950879070
393758025913789
850889019495038
346180860745789
785886039347918
170915704507762
512359407878084
489937330804017
285072385526644
721548850015587
800103490245832
10262800726222
452245279102096
707716260902697
451876421381019
179380132813626
102095583475753
190375152365540
223040942502948
323601861061494
938699774094187
195754598199818
720918035698685
720057510531853
582837153395365
968312953287150
150279698599005
275174981187791
539811170592665
541770046382820
403522848274373
782534603104163
167157891008958
976992119723478
929014493371835
489651840186899
207668567784963
411952270214830
441012217722008
2529011164388
748260051684042
75335633309737
927558057128767
782952376414528
899805322396575
574032640565670
938772283114356
579455381169588
309968601454964
424964264229355
888558507920603
948763118483898
352509335388954
350427845847091
151721816396310
647012108039064
576974473964019
654020529627150
883163143717164
719246403625721
882634158999017
572545352276627
460272086733200
845301797164620
269158086312317
906183403896585
624413134018177
477224495817147
934591992934046
684744206450569
23396152140481
297072328860805
718093937093046
383183923834668
907780231100680
254963431499105
456715915163364
675848654106360
517801894850844
678058495971065
734920696511459
619167224398002
348685811400849
818327132726262
972975044083326
311900012525829
659648017502325
722188873111057
15153630215569
447519347564294
189083981729932
622394071348237
378977171000749
549641453331622
718098602920878
299983089460116
565100062095751
791140418973368
893529281801183
656049306586226
643948250474893
257411438335432
518186682351577
613345111895744
422014867630749
96029409437855
24330425699908
740164812490391
973608196099226
285034588238873
952929685432871
826716079702558
181182437172263
815492911331922
281827035020006
402390560775054
473066766274119
185836645151728
867339235420358
333957868655619
843369150120009
723678830928049
436177961836847
989572019904186
169599745590152
106790854381335
686481143865217
629852264995259
87082696369578
717711104138725
43404542305549
627008915929850
414738248722390
731390782316229
307919939636566
33772504778407
68846257471771
473882288961105
563011128664112
827206448850396
292897185525034
959433261805943
268467692233275
548739788069299
710797800551017
979578364312055
557431824595296
29512219036371
466977976195174
542872107886896
735793928162486
534925948556724
525030312049480
314855409134021
81093608038491
458725218082938
366223247290107
434146557461692
690198249536848
6029761546869
602002138909623
348908677466732
213803353007558
748168569224028
598360173357552
429401585671713
730511467776874
392572023106812
764630160324763
342265029122203
41919183813409
144182452479112
523284135202646
522584037847096
407913448769205
238240270036119
705637698257092
846918176876002
970399596585814
705002835814161
950258894056634
355744772416347
599778227260864
914144024693722
966140274738233
537278463239512
506105342031069
420897452462612
949143745391384
928182779928562
782558827579089
728502357673456
267965537506884
764123331371043
964750878026857
313232358222900
86136064111176
598116386895873
212508484348203
417127526643508
492122263281594
434065357017648
971151153439688
304351364945022
180145128488247
499014037653485
694275538288954
428800219055004
785716152166794
191432921113174
531246437646136
834925286045931
406192610960159
1389348821478
44268167010572
536417733350049
6118059248882
698720351815436
277936818045779
417697661878688
22218489271202
649191750899251
585233878256174
937477061819434
479483106482003
74607623996527
654445789743719
140443714583768
415664788625636
956727802748132
405583348324101
853086419025053
29527056813488
44301976247392
43744307818020
23959956309595
636551843168410
206870776497777
204808487703782
419297021550206
86561925074172
496879919642888
226521129118336
429812882461245
730366727014343
686089967654745
886241734531367
519756051711428
66580209410244
973786215139829
513115263428285
114720526939597
170414285602941
54007361267167
254870813527377
713727076608132
176635587267763
724912159131218
833045120005935
155657694185796
762601512817450
180218432891683
655009682798344
904785554274534
803908168947653
860401383269373
735509395317594
301578899475551
120985396996853
581302462807890
384777320982275
484921268680515
563785361561553
659955199368369
386129877302982
848982994931741
30562026108184
197959209040161
416841432165497
700403119019157
326930436004660
51102980390782
517098383613595
177488103033719
846053114145602
441136847642327
179054866170765
967447868625953
976802046548553
512523339718604
651631385912313
805676717349863
149959026686219
37572342105493
531181439599963
131013583265767
236044236145139
71602248512539
53507861159843
345083580849588
822902426259776
440663152083311
631693687028728
695952102716016
214026390163456
453471608386108
404052680912423
781105845827613
297998989413061
194077218330966
79177965580405
315391369915371
537449112048789
935960171710072
563159786239673
252791534076513
353798756311554
835447194659826
638672134465214
519036541248344
468353629245839
112065113281284
727600964117474
65230864593040
361053522171806
726303186043853
626542213067211
321815898385779
214787088576884
871088022304524
629448869767976
95409190454822
279861848520400
325470713108768
662278896966441
87208216155119
996887979354806
480825103939807
75471338306971
777061561686358
469529478381962
959133177058606
481124944154630
84496168658360
986445851450694
580756825990015
103896038102220
231061542692974
28490704934952
764387472100186
854447573497371
32443614654191
65954124730718
288772118025006
377750641442008
452946083091187
215101427644511
646579720156546
682799976745167
313336378802799
712981002919889
721357342115563
419082247056749
412207424797119
56144201086756
379325217535527
91852935434690
265193051259639
409231361897522
115519928790139
508864508535213
116915728807139
403482762379620
540886920414265
665358518702881
923061219231981
322545293399064
177875527195612
297303369948508
440380054440887
996029968438350
316884199905899
507275341660199
897140153847071
627946653904730
958892696866761
115262673422998
324864888428763
172400863379960
770348498368198
38205094761691
160346142265321
535912890474764
773274773410384
708641489695019
536718923966565
240419950779314
843743884337881
147447568200574
564515374206963
575073886581703
127989561008020
152179252716609
668030498461034
115836508912018
425963075577112
720285193661898
94092828008595
501109573141221
417082118738039
328874195531843
90100516072661
271416585578330
902486266448094
879811159750968
658822725070153
27554647137093
583839284108918
978333703664255
498282477189338
693969478099266
669047001452689
176601209503147
326797615472132
422350015376131
30018122547892
320872915496292
77205370640157
963866831346374
174861329092822
307032351672769
795094998583038
3264196648145
797445875315390
571187976881008
695627279921767
165281844551800
75402932821005
326527140700426
902369988253049
303105963480516
652387265264513
251693397814992
761748133039990
918634639614749
625421850295153
478152612664845
485582812386507
629085316369234
936147728885306
167225877406578
917877183825744
198220194788793
249394701963963
609805237777742
273210086959387
901146134562805
716759949293374
613446505141555
882869104213909
22081982165185
569921044638436
497446628338653
699046069272819
131055771481179
948163265418431
952106725787809
130093725665334
371072134876572
737605110821152
682875591001610
505380538230935
708874912873050
584200208530095
181416009349963
423581460112863
667465406286129
502717778730578
565249872590569
644081633110663
78913241119959
682765222843540
995597296187837
282501434611543
312683651461364
845645568441164
309785560001521
767834346687963
540218429289699
491710910083117
336273102287001
397242977019354
150420840641836
585865332760791
315050403288796
244799194545670
238766159133234
51153929479446
747299956647392
899127263467104
588314741495849
413642368445448
263391422677883
695313205773782
255972048589526
408783007242637
137776046254403
113153436649019
153538334689372
625320139711394
4938268851648
556548545123834
961333007171093
514332987062886
258144037724318
208830160454035
484505162389747
834912230438966
267431852872528
936490285041272
959097863887292
131882532364637
79516716922432
32403833518697
444690932230793
881059188553214
513157163399883
904425290917807
420066814763583
579623659419202
838860141436786
860156087958530
43322884687433
89192978934822
379039296024889
595903314485372
598910834439113
727860712026833
415484385538060
951219052791725
594497309322425
426852062294828
160214343579694
699445899407998
803223423004340
887154084614007
372858437827422
790738385181468
563861174519577
752736175432394
334863775954509
166482057087348
865389510225717
943257799566598
583158123407305
589259945980732
139344389584535
643356388493513
592157354815066
758413870692282
415258338807234
364687602092602
93571900065506
867612103111170
916436887209086
108144767165313
133226598048182
600811739704455
891860698770890
350021263423306
207621647346362
878929682994131
628981532321541
273114783564350
231375177809525
571522617457359
147969034148470
315441063013798
549064415950851
963662503829242
789842575184951
13598984897153
300301978123728
143658201211275
483920932192424
446102286170209
94128866729604
329892433109914
459935217376899
820695628311645
161978737388711
468043542715960
555321713267697
685672038264617
601876535258826
991080500665339
836952479442154
279064427587700
939682297236822
662834560219440
77529882637398
813550642322978
321498526557979
940406526129866
908758486185523
700460279082882
217503752356219
520463220047804
675457251384773
433485143096861
736063517991398
322833508432904
697833046059913
349012251797371
647969063321829
855884007359097
706232381814866
911652545078669
795700280410077
885990049178908
600936284354662
233075263587004
829409875250613
36379847576546
493241532335875
602636629389877
586253565711199
906039825883483
882112229957998
610592751910529
142971656711840
811692253267808
77575523083118
829161117039395
34875211942507
